PopName,Sex,Year,Age,mx,qx,ax,lx,dx,Lx,Tx,ex
MS,m,1960-1969,0,0.04393,0.04237,0.16,100000,4237,96453,6416169,64.16
MS,m,1960-1969,1,0.00303,0.00302,0.5,95763,289,95618,6319716,65.99
MS,m,1960-1969,2,0.00167,0.00167,0.5,95474,160,95394,6224098,65.19
MS,m,1960-1969,3,0.00129,0.00129,0.5,95314,123,95252,6128704,64.30
MS,m,1960-1969,4,0.00100,0.00100,0.5,95191,95,95143,6033451,63.38
MS,m,1960-1969,5,0.00079,0.00079,0.5,95096,75,95058,5938308,62.45
MS,m,1960-1969,6,0.00081,0.00081,0.5,95020,77,94982,5843250,61.49
MS,m,1960-1969,7,0.00061,0.00061,0.5,94943,58,94914,5748268,60.54
MS,m,1960-1969,8,0.00071,0.00071,0.5,94885,67,94852,5653354,59.58
MS,m,1960-1969,9,0.00057,0.00057,0.5,94818,54,94791,5558502,58.62
MS,m,1960-1969,10,0.00058,0.00058,0.5,94764,55,94737,5463711,57.66
MS,m,1960-1969,11,0.00059,0.00059,0.5,94709,56,94681,5368974,56.69
MS,m,1960-1969,12,0.00075,0.00075,0.5,94653,71,94618,5274293,55.72
MS,m,1960-1969,13,0.00080,0.00080,0.5,94582,75,94544,5179676,54.76
MS,m,1960-1969,14,0.00108,0.00108,0.5,94507,102,94455,5085131,53.81
MS,m,1960-1969,15,0.00112,0.00112,0.5,94404,106,94351,4990676,52.86
MS,m,1960-1969,16,0.00147,0.00147,0.5,94298,138,94229,4896325,51.92
MS,m,1960-1969,17,0.00179,0.00179,0.5,94160,169,94076,4802095,51.00
MS,m,1960-1969,18,0.00205,0.00205,0.5,93991,193,93895,4708020,50.09
MS,m,1960-1969,19,0.00225,0.00225,0.5,93799,211,93693,4614125,49.19
MS,m,1960-1969,20,0.00258,0.00257,0.5,93588,241,93467,4520431,48.30
MS,m,1960-1969,21,0.00259,0.00258,0.5,93347,241,93226,4426964,47.42
MS,m,1960-1969,22,0.00263,0.00263,0.5,93106,245,92984,4333738,46.55
MS,m,1960-1969,23,0.00242,0.00242,0.5,92861,224,92749,4240754,45.67
MS,m,1960-1969,24,0.00241,0.00241,0.5,92637,223,92525,4148005,44.78
MS,m,1960-1969,25,0.00263,0.00263,0.5,92414,243,92292,4055480,43.88
MS,m,1960-1969,26,0.00264,0.00264,0.5,92170,243,92049,3963188,43.00
MS,m,1960-1969,27,0.00269,0.00268,0.5,91927,247,91804,3871139,42.11
MS,m,1960-1969,28,0.00306,0.00305,0.5,91681,280,91541,3779335,41.22
MS,m,1960-1969,29,0.00270,0.00270,0.5,91401,247,91277,3687794,40.35
MS,m,1960-1969,30,0.00291,0.00291,0.5,91154,265,91021,3596517,39.46
MS,m,1960-1969,31,0.00308,0.00308,0.5,90889,280,90749,3505495,38.57
MS,m,1960-1969,32,0.00310,0.00309,0.5,90609,280,90469,3414746,37.69
MS,m,1960-1969,33,0.00332,0.00331,0.5,90329,299,90180,3324277,36.80
MS,m,1960-1969,34,0.00332,0.00331,0.5,90030,298,89881,3234097,35.92
MS,m,1960-1969,35,0.00374,0.00374,0.5,89732,335,89564,3144217,35.04
MS,m,1960-1969,36,0.00389,0.00388,0.5,89396,347,89223,3054653,34.17
MS,m,1960-1969,37,0.00429,0.00428,0.5,89049,381,88859,2965430,33.30
MS,m,1960-1969,38,0.00466,0.00465,0.5,88668,413,88462,2876571,32.44
MS,m,1960-1969,39,0.00491,0.00490,0.5,88256,433,88039,2788109,31.59
MS,m,1960-1969,40,0.00533,0.00532,0.5,87823,467,87590,2700070,30.74
MS,m,1960-1969,41,0.00568,0.00566,0.5,87356,495,87109,2612480,29.91
MS,m,1960-1969,42,0.00657,0.00655,0.5,86862,569,86577,2525371,29.07
MS,m,1960-1969,43,0.00650,0.00648,0.5,86293,559,86013,2438794,28.26
MS,m,1960-1969,44,0.00687,0.00684,0.5,85733,587,85440,2352781,27.44
MS,m,1960-1969,45,0.00830,0.00827,0.5,85147,704,84795,2267341,26.63
MS,m,1960-1969,46,0.00825,0.00822,0.5,84443,694,84096,2182547,25.85
MS,m,1960-1969,47,0.00960,0.00955,0.5,83749,800,83349,2098451,25.06
MS,m,1960-1969,48,0.00949,0.00944,0.5,82949,783,82557,2015103,24.29
MS,m,1960-1969,49,0.01049,0.01043,0.5,82166,857,81737,1932545,23.52
MS,m,1960-1969,50,0.01150,0.01143,0.5,81308,929,80844,1850808,22.76
MS,m,1960-1969,51,0.01254,0.01247,0.5,80379,1002,79878,1769965,22.02
MS,m,1960-1969,52,0.01427,0.01417,0.5,79377,1125,78815,1690086,21.29
MS,m,1960-1969,53,0.01459,0.01448,0.5,78252,1133,77685,1611272,20.59
MS,m,1960-1969,54,0.01585,0.01573,0.5,77119,1213,76512,1533586,19.89
MS,m,1960-1969,55,0.01696,0.01682,0.5,75906,1277,75267,1457074,19.20
MS,m,1960-1969,56,0.01757,0.01741,0.5,74629,1300,73979,1381807,18.52
MS,m,1960-1969,57,0.01901,0.01883,0.5,73329,1381,72639,1307827,17.83
MS,m,1960-1969,58,0.02216,0.02192,0.5,71948,1577,71160,1235189,17.17
MS,m,1960-1969,59,0.02294,0.02268,0.5,70371,1596,69573,1164029,16.54
MS,m,1960-1969,60,0.02384,0.02356,0.5,68775,1620,67965,1094456,15.91
MS,m,1960-1969,61,0.02463,0.02433,0.5,67155,1634,66338,1026491,15.29
MS,m,1960-1969,62,0.03011,0.02966,0.5,65521,1944,64549,960152,14.65
MS,m,1960-1969,63,0.03086,0.03039,0.5,63578,1932,62611,895603,14.09
MS,m,1960-1969,64,0.03321,0.03267,0.5,61645,2014,60638,832992,13.51
MS,m,1960-1969,65,0.03942,0.03865,0.5,59631,2305,58479,772353,12.95
MS,m,1960-1969,66,0.03888,0.03814,0.5,57326,2186,56233,713875,12.45
MS,m,1960-1969,67,0.04316,0.04225,0.5,55140,2330,53975,657641,11.93
MS,m,1960-1969,68,0.04581,0.04479,0.5,52810,2365,51628,603666,11.43
MS,m,1960-1969,69,0.04576,0.04474,0.5,50445,2257,49317,552038,10.94
MS,m,1960-1969,70,0.05318,0.05180,0.5,48188,2496,46940,502722,10.43
MS,m,1960-1969,71,0.05260,0.05125,0.5,45692,2342,44521,455781,9.98
MS,m,1960-1969,72,0.06201,0.06015,0.5,43350,2607,42046,411260,9.49
MS,m,1960-1969,73,0.06546,0.06339,0.5,40743,2583,39451,369214,9.06
MS,m,1960-1969,74,0.07225,0.06973,0.5,38160,2661,36830,329762,8.64
MS,m,1960-1969,75,0.07828,0.07533,0.5,35499,2674,34162,292933,8.25
MS,m,1960-1969,76,0.07724,0.07437,0.5,32825,2441,31605,258770,7.88
MS,m,1960-1969,77,0.08120,0.07803,0.5,30384,2371,29199,227166,7.48
MS,m,1960-1969,78,0.09525,0.09092,0.5,28013,2547,26740,197967,7.07
MS,m,1960-1969,79,0.09638,0.09195,0.5,25466,2342,24295,171228,6.72
MS,m,1960-1969,80,0.11481,0.10858,0.5,23125,2511,21869,146932,6.35
MS,m,1960-1969,81,0.10904,0.10341,0.5,20614,2132,19548,125063,6.07
MS,m,1960-1969,82,0.12749,0.11985,0.5,18482,2215,17375,105515,5.71
MS,m,1960-1969,83,0.13728,0.12846,0.5,16267,2090,15222,88140,5.42
MS,m,1960-1969,84,0.15717,0.14572,0.5,14177,2066,13144,72918,5.14
MS,m,1960-1969,85,0.17159,0.15803,0.5,12111,1914,11155,59774,4.94
MS,m,1960-1969,86,0.18031,0.16540,0.5,10198,1687,9354,48619,4.77
MS,m,1960-1969,87,0.18882,0.17253,0.5,8511,1468,7777,39265,4.61
MS,m,1960-1969,88,0.18894,0.17263,0.5,7042,1216,6435,31488,4.47
MS,m,1960-1969,89,0.19471,0.17744,0.5,5827,1034,5310,25054,4.30
MS,m,1960-1969,90,0.20533,0.18621,0.5,4793,892,4347,19744,4.12
MS,m,1960-1969,91,0.21637,0.19525,0.5,3900,762,3520,15397,3.95
MS,m,1960-1969,92,0.22784,0.20454,0.5,3139,642,2818,11878,3.78
MS,m,1960-1969,93,0.23973,0.21407,0.5,2497,534,2230,9060,3.63
MS,m,1960-1969,94,0.25203,0.22383,0.5,1962,439,1743,6830,3.48
MS,m,1960-1969,95,0.26475,0.23380,0.5,1523,356,1345,5088,3.34
MS,m,1960-1969,96,0.27787,0.24397,0.5,1167,285,1025,3743,3.21
MS,m,1960-1969,97,0.29138,0.25433,0.5,882,224,770,2718,3.08
MS,m,1960-1969,98,0.30527,0.26485,0.5,658,174,571,1948,2.96
MS,m,1960-1969,99,0.31953,0.27551,0.5,484,133,417,1377,2.85
MS,m,1960-1969,100,0.33413,0.28630,0.5,350,100,300,960,2.74
MS,m,1960-1969,101,0.34905,0.29719,0.5,250,74,213,660,2.64
MS,m,1960-1969,102,0.36428,0.30815,0.5,176,54,149,447,2.54
MS,m,1960-1969,103,0.37979,0.31918,0.5,122,39,102,298,2.45
MS,m,1960-1969,104,0.39554,0.33023,0.5,83,27,69,196,2.37
MS,m,1960-1969,105,0.41151,0.34129,0.5,55,19,46,127,2.29
MS,m,1960-1969,106,0.42768,0.35233,0.5,37,13,30,81,2.22
MS,m,1960-1969,107,0.44399,0.36333,0.5,24,9,19,51,2.15
MS,m,1960-1969,108,0.46043,0.37427,0.5,15,6,12,32,2.10
MS,m,1960-1969,109,0.47696,0.38512,0.5,9,4,8,19,2.05
MS,m,1960-1969,110+,0.49354,1.00000,2.03,6,6,12,12,2.03
MS,m,1970-1979,0,0.02673,0.02611,0.12,100000,2611,97694,6584450,65.84
MS,m,1970-1979,1,0.00196,0.00195,0.5,97389,190,97294,6486756,66.61
MS,m,1970-1979,2,0.00099,0.00099,0.5,97198,96,97151,6389463,65.74
MS,m,1970-1979,3,0.00098,0.00098,0.5,97103,95,97055,6292312,64.80
MS,m,1970-1979,4,0.00066,0.00066,0.5,97008,64,96976,6195257,63.86
MS,m,1970-1979,5,0.00075,0.00075,0.5,96944,72,96907,6098281,62.91
MS,m,1970-1979,6,0.00051,0.00051,0.5,96871,50,96846,6001374,61.95
MS,m,1970-1979,7,0.00058,0.00058,0.5,96821,56,96794,5904528,60.98
MS,m,1970-1979,8,0.00052,0.00052,0.5,96766,51,96740,5807734,60.02
MS,m,1970-1979,9,0.00057,0.00057,0.5,96715,55,96687,5710994,59.05
MS,m,1970-1979,10,0.00053,0.00053,0.5,96659,52,96634,5614307,58.08
MS,m,1970-1979,11,0.00066,0.00066,0.5,96608,64,96576,5517673,57.11
MS,m,1970-1979,12,0.00054,0.00054,0.5,96544,52,96518,5421097,56.15
MS,m,1970-1979,13,0.00074,0.00074,0.5,96492,72,96456,5324579,55.18
MS,m,1970-1979,14,0.00091,0.00091,0.5,96420,87,96377,5228123,54.22
MS,m,1970-1979,15,0.00123,0.00123,0.5,96333,119,96274,5131746,53.27
MS,m,1970-1979,16,0.00155,0.00155,0.5,96214,149,96140,5035473,52.34
MS,m,1970-1979,17,0.00188,0.00188,0.5,96065,180,95975,4939333,51.42
MS,m,1970-1979,18,0.00226,0.00226,0.5,95885,217,95777,4843358,50.51
MS,m,1970-1979,19,0.00212,0.00212,0.5,95669,203,95567,4747581,49.63
MS,m,1970-1979,20,0.00231,0.00230,0.5,95466,220,95356,4652014,48.73
MS,m,1970-1979,21,0.00234,0.00234,0.5,95246,223,95135,4556658,47.84
MS,m,1970-1979,22,0.00263,0.00263,0.5,95023,250,94898,4461523,46.95
MS,m,1970-1979,23,0.00260,0.00260,0.5,94774,246,94651,4366625,46.07
MS,m,1970-1979,24,0.00264,0.00263,0.5,94527,249,94403,4271974,45.19
MS,m,1970-1979,25,0.00274,0.00273,0.5,94279,258,94150,4177571,44.31
MS,m,1970-1979,26,0.00262,0.00262,0.5,94021,246,93898,4083421,43.43
MS,m,1970-1979,27,0.00289,0.00289,0.5,93775,271,93640,3989523,42.54
MS,m,1970-1979,28,0.00283,0.00283,0.5,93504,265,93372,3895884,41.67
MS,m,1970-1979,29,0.00305,0.00304,0.5,93239,284,93098,3802512,40.78
MS,m,1970-1979,30,0.00241,0.00240,0.5,92956,223,92844,3709414,39.91
MS,m,1970-1979,31,0.00275,0.00275,0.5,92733,255,92605,3616570,39.00
MS,m,1970-1979,32,0.00280,0.00280,0.5,92478,259,92348,3523965,38.11
MS,m,1970-1979,33,0.00311,0.00310,0.5,92219,286,92076,3431617,37.21
MS,m,1970-1979,34,0.00342,0.00341,0.5,91933,314,91776,3339541,36.33
MS,m,1970-1979,35,0.00342,0.00341,0.5,91619,312,91463,3247766,35.45
MS,m,1970-1979,36,0.00373,0.00372,0.5,91306,340,91137,3156303,34.57
MS,m,1970-1979,37,0.00413,0.00412,0.5,90967,375,90779,3065166,33.70
MS,m,1970-1979,38,0.00410,0.00410,0.5,90592,371,90407,2974387,32.83
MS,m,1970-1979,39,0.00471,0.00470,0.5,90221,424,90009,2883980,31.97
MS,m,1970-1979,40,0.00514,0.00513,0.5,89797,460,89567,2793971,31.11
MS,m,1970-1979,41,0.00548,0.00547,0.5,89337,488,89092,2704404,30.27
MS,m,1970-1979,42,0.00629,0.00627,0.5,88848,557,88569,2615312,29.44
MS,m,1970-1979,43,0.00657,0.00655,0.5,88291,578,88002,2526742,28.62
MS,m,1970-1979,44,0.00677,0.00675,0.5,87713,592,87417,2438741,27.80
MS,m,1970-1979,45,0.00735,0.00732,0.5,87121,638,86802,2351324,26.99
MS,m,1970-1979,46,0.00801,0.00798,0.5,86483,690,86138,2264522,26.18
MS,m,1970-1979,47,0.00939,0.00934,0.5,85793,801,85393,2178383,25.39
MS,m,1970-1979,48,0.00964,0.00959,0.5,84992,815,84584,2092991,24.63
MS,m,1970-1979,49,0.01005,0.01000,0.5,84177,842,83756,2008406,23.86
MS,m,1970-1979,50,0.01126,0.01120,0.5,83335,933,82868,1924651,23.10
MS,m,1970-1979,51,0.01183,0.01176,0.5,82402,969,81917,1841782,22.35
MS,m,1970-1979,52,0.01418,0.01408,0.5,81433,1146,80860,1759865,21.61
MS,m,1970-1979,53,0.01440,0.01429,0.5,80286,1148,79713,1679005,20.91
MS,m,1970-1979,54,0.01543,0.01531,0.5,79139,1212,78533,1599293,20.21
MS,m,1970-1979,55,0.01629,0.01616,0.5,77927,1259,77298,1520760,19.52
MS,m,1970-1979,56,0.01721,0.01706,0.5,76668,1308,76014,1443462,18.83
MS,m,1970-1979,57,0.01922,0.01904,0.5,75360,1435,74643,1367448,18.15
MS,m,1970-1979,58,0.02157,0.02134,0.5,73925,1577,73137,1292805,17.49
MS,m,1970-1979,59,0.02298,0.02272,0.5,72348,1644,71526,1219668,16.86
MS,m,1970-1979,60,0.02400,0.02371,0.5,70704,1677,69866,1148142,16.24
MS,m,1970-1979,61,0.02527,0.02495,0.5,69028,1723,68167,1078276,15.62
MS,m,1970-1979,62,0.02954,0.02911,0.5,67305,1960,66326,1010109,15.01
MS,m,1970-1979,63,0.03055,0.03009,0.5,65346,1966,64363,943783,14.44
MS,m,1970-1979,64,0.03364,0.03309,0.5,63379,2097,62331,879421,13.88
MS,m,1970-1979,65,0.03420,0.03363,0.5,61283,2061,60252,817090,13.33
MS,m,1970-1979,66,0.03626,0.03562,0.5,59222,2109,58167,756837,12.78
MS,m,1970-1979,67,0.03824,0.03753,0.5,57112,2143,56041,698670,12.23
MS,m,1970-1979,68,0.04148,0.04064,0.5,54969,2234,53852,642630,11.69
MS,m,1970-1979,69,0.04464,0.04367,0.5,52735,2303,51584,588777,11.16
MS,m,1970-1979,70,0.04962,0.04842,0.5,50433,2442,49212,537193,10.65
MS,m,1970-1979,71,0.05214,0.05082,0.5,47991,2439,46771,487981,10.17
MS,m,1970-1979,72,0.06028,0.05852,0.5,45552,2666,44219,441210,9.69
MS,m,1970-1979,73,0.06326,0.06132,0.5,42886,2630,41571,396991,9.26
MS,m,1970-1979,74,0.06972,0.06737,0.5,40256,2712,38900,355419,8.83
MS,m,1970-1979,75,0.07234,0.06981,0.5,37544,2621,36234,316519,8.43
MS,m,1970-1979,76,0.07446,0.07179,0.5,34923,2507,33670,280285,8.03
MS,m,1970-1979,77,0.08225,0.07900,0.5,32416,2561,31136,246615,7.61
MS,m,1970-1979,78,0.09103,0.08706,0.5,29855,2599,28556,215480,7.22
MS,m,1970-1979,79,0.09484,0.09055,0.5,27256,2468,26022,186924,6.86
MS,m,1970-1979,80,0.11272,0.10671,0.5,24788,2645,23465,160902,6.49
MS,m,1970-1979,81,0.10915,0.10350,0.5,22143,2292,20997,137437,6.21
MS,m,1970-1979,82,0.12165,0.11468,0.5,19851,2276,18713,116440,5.87
MS,m,1970-1979,83,0.13509,0.12654,0.5,17575,2224,16463,97727,5.56
MS,m,1970-1979,84,0.15126,0.14063,0.5,15351,2159,14271,81264,5.29
MS,m,1970-1979,85,0.15925,0.14751,0.5,13192,1946,12219,66992,5.08
MS,m,1970-1979,86,0.17029,0.15693,0.5,11246,1765,10364,54773,4.87
MS,m,1970-1979,87,0.18156,0.16645,0.5,9481,1578,8692,44410,4.68
MS,m,1970-1979,88,0.18655,0.17063,0.5,7903,1349,7229,35717,4.52
MS,m,1970-1979,89,0.19107,0.17441,0.5,6555,1143,5983,28489,4.35
MS,m,1970-1979,90,0.20189,0.18338,0.5,5411,992,4915,22505,4.16
MS,m,1970-1979,91,0.21315,0.19262,0.5,4419,851,3993,17590,3.98
MS,m,1970-1979,92,0.22487,0.20214,0.5,3568,721,3207,13597,3.81
MS,m,1970-1979,93,0.23704,0.21192,0.5,2847,603,2545,10389,3.65
MS,m,1970-1979,94,0.24965,0.22195,0.5,2243,498,1994,7844,3.50
MS,m,1970-1979,95,0.26271,0.23221,0.5,1745,405,1543,5850,3.35
MS,m,1970-1979,96,0.27619,0.24268,0.5,1340,325,1178,4307,3.21
MS,m,1970-1979,97,0.29010,0.25335,0.5,1015,257,886,3130,3.08
MS,m,1970-1979,98,0.30441,0.26420,0.5,758,200,658,2243,2.96
MS,m,1970-1979,99,0.31911,0.27520,0.5,558,153,481,1586,2.84
MS,m,1970-1979,100,0.33418,0.28633,0.5,404,116,346,1105,2.73
MS,m,1970-1979,101,0.34959,0.29758,0.5,288,86,246,758,2.63
MS,m,1970-1979,102,0.36533,0.30890,0.5,203,63,171,513,2.53
MS,m,1970-1979,103,0.38136,0.32028,0.5,140,45,118,342,2.44
MS,m,1970-1979,104,0.39765,0.33170,0.5,95,32,79,224,2.35
MS,m,1970-1979,105,0.41417,0.34311,0.5,64,22,53,145,2.27
MS,m,1970-1979,106,0.43089,0.35451,0.5,42,15,34,92,2.20
MS,m,1970-1979,107,0.44776,0.36585,0.5,27,10,22,58,2.13
MS,m,1970-1979,108,0.46476,0.37712,0.5,17,6,14,36,2.08
MS,m,1970-1979,109,0.48184,0.38829,0.5,11,4,9,22,2.03
MS,m,1970-1979,110+,0.49896,1.00000,2,7,7,13,13,2.00
MS,m,1980-1989,0,0.01588,0.01565,0.09,100000,1565,98572,6852104,68.52
MS,m,1980-1989,1,0.00125,0.00125,0.5,98435,123,98373,6753532,68.61
MS,m,1980-1989,2,0.00085,0.00085,0.5,98312,83,98270,6655159,67.69
MS,m,1980-1989,3,0.00054,0.00054,0.5,98228,53,98202,6556889,66.75
MS,m,1980-1989,4,0.00054,0.00054,0.5,98176,53,98149,6458687,65.79
MS,m,1980-1989,5,0.00041,0.00041,0.5,98122,40,98102,6360538,64.82
MS,m,1980-1989,6,0.00042,0.00042,0.5,98082,41,98062,6262436,63.85
MS,m,1980-1989,7,0.00038,0.00038,0.5,98041,37,98022,6164374,62.88
MS,m,1980-1989,8,0.00047,0.00047,0.5,98004,46,97981,6066351,61.90
MS,m,1980-1989,9,0.00037,0.00037,0.5,97958,37,97939,5968371,60.93
MS,m,1980-1989,10,0.00038,0.00038,0.5,97921,37,97902,5870431,59.95
MS,m,1980-1989,11,0.00040,0.00040,0.5,97884,39,97864,5772529,58.97
MS,m,1980-1989,12,0.00055,0.00055,0.5,97845,54,97818,5674665,58.00
MS,m,1980-1989,13,0.00057,0.00057,0.5,97791,56,97763,5576847,57.03
MS,m,1980-1989,14,0.00070,0.00070,0.5,97735,69,97701,5479084,56.06
MS,m,1980-1989,15,0.00086,0.00086,0.5,97666,84,97624,5381383,55.10
MS,m,1980-1989,16,0.00121,0.00121,0.5,97582,118,97523,5283759,54.15
MS,m,1980-1989,17,0.00141,0.00141,0.5,97464,138,97395,5186236,53.21
MS,m,1980-1989,18,0.00175,0.00174,0.5,97326,170,97241,5088841,52.29
MS,m,1980-1989,19,0.00187,0.00187,0.5,97156,182,97065,4991600,51.38
MS,m,1980-1989,20,0.00201,0.00201,0.5,96974,195,96877,4894535,50.47
MS,m,1980-1989,21,0.00210,0.00210,0.5,96779,203,96678,4797658,49.57
MS,m,1980-1989,22,0.00216,0.00215,0.5,96576,208,96472,4700980,48.68
MS,m,1980-1989,23,0.00210,0.00210,0.5,96368,202,96267,4604508,47.78
MS,m,1980-1989,24,0.00229,0.00229,0.5,96166,220,96056,4508241,46.88
MS,m,1980-1989,25,0.00226,0.00226,0.5,95946,217,95837,4412185,45.99
MS,m,1980-1989,26,0.00210,0.00210,0.5,95729,201,95628,4316348,45.09
MS,m,1980-1989,27,0.00220,0.00220,0.5,95528,210,95423,4220720,44.18
MS,m,1980-1989,28,0.00229,0.00229,0.5,95318,218,95209,4125297,43.28
MS,m,1980-1989,29,0.00232,0.00232,0.5,95100,221,94990,4030088,42.38
MS,m,1980-1989,30,0.00260,0.00259,0.5,94879,246,94756,3935098,41.47
MS,m,1980-1989,31,0.00249,0.00249,0.5,94634,235,94516,3840342,40.58
MS,m,1980-1989,32,0.00275,0.00275,0.5,94398,259,94268,3745826,39.68
MS,m,1980-1989,33,0.00249,0.00248,0.5,94139,234,94022,3651558,38.79
MS,m,1980-1989,34,0.00254,0.00254,0.5,93905,238,93786,3557536,37.88
MS,m,1980-1989,35,0.00277,0.00277,0.5,93667,259,93537,3463750,36.98
MS,m,1980-1989,36,0.00293,0.00293,0.5,93407,273,93271,3370213,36.08
MS,m,1980-1989,37,0.00334,0.00333,0.5,93134,310,92979,3276942,35.19
MS,m,1980-1989,38,0.00351,0.00351,0.5,92824,326,92661,3183964,34.30
MS,m,1980-1989,39,0.00339,0.00338,0.5,92498,313,92342,3091303,33.42
MS,m,1980-1989,40,0.00374,0.00373,0.5,92185,344,92013,2998961,32.53
MS,m,1980-1989,41,0.00430,0.00429,0.5,91841,394,91644,2906948,31.65
MS,m,1980-1989,42,0.00453,0.00452,0.5,91447,413,91241,2815303,30.79
MS,m,1980-1989,43,0.00521,0.00520,0.5,91034,473,90798,2724062,29.92
MS,m,1980-1989,44,0.00563,0.00561,0.5,90561,508,90307,2633265,29.08
MS,m,1980-1989,45,0.00581,0.00580,0.5,90053,522,89792,2542957,28.24
MS,m,1980-1989,46,0.00671,0.00669,0.5,89531,599,89232,2453165,27.40
MS,m,1980-1989,47,0.00642,0.00640,0.5,88932,569,88648,2363934,26.58
MS,m,1980-1989,48,0.00767,0.00764,0.5,88364,675,88026,2275286,25.75
MS,m,1980-1989,49,0.00813,0.00810,0.5,87688,710,87334,2187260,24.94
MS,m,1980-1989,50,0.00912,0.00908,0.5,86979,790,86584,2099926,24.14
MS,m,1980-1989,51,0.00971,0.00966,0.5,86189,833,85773,2013342,23.36
MS,m,1980-1989,52,0.01092,0.01086,0.5,85356,927,84893,1927570,22.58
MS,m,1980-1989,53,0.01205,0.01198,0.5,84429,1012,83923,1842677,21.83
MS,m,1980-1989,54,0.01301,0.01293,0.5,83417,1078,82878,1758754,21.08
MS,m,1980-1989,55,0.01472,0.01461,0.5,82339,1203,81738,1675876,20.35
MS,m,1980-1989,56,0.01533,0.01521,0.5,81136,1234,80519,1594138,19.65
MS,m,1980-1989,57,0.01690,0.01676,0.5,79902,1339,79232,1513619,18.94
MS,m,1980-1989,58,0.01923,0.01905,0.5,78563,1496,77814,1434387,18.26
MS,m,1980-1989,59,0.01950,0.01932,0.5,77066,1489,76322,1356572,17.60
MS,m,1980-1989,60,0.02191,0.02167,0.5,75578,1638,74759,1280250,16.94
MS,m,1980-1989,61,0.02328,0.02301,0.5,73940,1701,73089,1205491,16.30
MS,m,1980-1989,62,0.02598,0.02565,0.5,72238,1853,71312,1132402,15.68
MS,m,1980-1989,63,0.02721,0.02684,0.5,70386,1889,69441,1061090,15.08
MS,m,1980-1989,64,0.02851,0.02811,0.5,68496,1925,67534,991649,14.48
MS,m,1980-1989,65,0.03072,0.03025,0.5,66571,2014,65564,924116,13.88
MS,m,1980-1989,66,0.03348,0.03293,0.5,64557,2126,63494,858551,13.30
MS,m,1980-1989,67,0.03522,0.03461,0.5,62432,2161,61351,795057,12.73
MS,m,1980-1989,68,0.03872,0.03799,0.5,60271,2290,59126,733706,12.17
MS,m,1980-1989,69,0.04321,0.04230,0.5,57981,2452,56755,674580,11.63
MS,m,1980-1989,70,0.04468,0.04370,0.5,55529,2427,54315,617825,11.13
MS,m,1980-1989,71,0.04744,0.04634,0.5,53102,2461,51872,563509,10.61
MS,m,1980-1989,72,0.05567,0.05417,0.5,50641,2743,49270,511638,10.10
MS,m,1980-1989,73,0.05917,0.05747,0.5,47898,2753,46522,462368,9.65
MS,m,1980-1989,74,0.06112,0.05931,0.5,45146,2678,43807,415846,9.21
MS,m,1980-1989,75,0.06434,0.06233,0.5,42468,2647,41144,372039,8.76
MS,m,1980-1989,76,0.07276,0.07020,0.5,39821,2796,38423,330895,8.31
MS,m,1980-1989,77,0.07901,0.07601,0.5,37025,2814,35618,292472,7.90
MS,m,1980-1989,78,0.08649,0.08291,0.5,34211,2836,32793,256854,7.51
MS,m,1980-1989,79,0.08159,0.07839,0.5,31375,2459,30145,224061,7.14
MS,m,1980-1989,80,0.10100,0.09614,0.5,28915,2780,27525,193916,6.71
MS,m,1980-1989,81,0.11044,0.10466,0.5,26135,2735,24768,166390,6.37
MS,m,1980-1989,82,0.11887,0.11220,0.5,23400,2625,22087,141623,6.05
MS,m,1980-1989,83,0.12932,0.12147,0.5,20775,2523,19513,119535,5.75
MS,m,1980-1989,84,0.13667,0.12793,0.5,18251,2335,17084,100022,5.48
MS,m,1980-1989,85,0.14406,0.13438,0.5,15916,2139,14847,82939,5.21
MS,m,1980-1989,86,0.16101,0.14902,0.5,13777,2053,12751,68092,4.94
MS,m,1980-1989,87,0.16659,0.15378,0.5,11724,1803,10823,55341,4.72
MS,m,1980-1989,88,0.18512,0.16943,0.5,9921,1681,9081,44518,4.49
MS,m,1980-1989,89,0.18927,0.17290,0.5,8240,1425,7528,35437,4.30
MS,m,1980-1989,90,0.20147,0.18303,0.5,6816,1247,6192,27909,4.09
MS,m,1980-1989,91,0.21425,0.19352,0.5,5568,1078,5029,21717,3.90
MS,m,1980-1989,92,0.22761,0.20435,0.5,4491,918,4032,16688,3.72
MS,m,1980-1989,93,0.24155,0.21552,0.5,3573,770,3188,12656,3.54
MS,m,1980-1989,94,0.25605,0.22699,0.5,2803,636,2485,9468,3.38
MS,m,1980-1989,95,0.27112,0.23875,0.5,2167,517,1908,6984,3.22
MS,m,1980-1989,96,0.28673,0.25078,0.5,1649,414,1443,5076,3.08
MS,m,1980-1989,97,0.30287,0.26304,0.5,1236,325,1073,3633,2.94
MS,m,1980-1989,98,0.31951,0.27550,0.5,911,251,785,2560,2.81
MS,m,1980-1989,99,0.33662,0.28813,0.5,660,190,565,1775,2.69
MS,m,1980-1989,100,0.35417,0.30089,0.5,470,141,399,1210,2.58
MS,m,1980-1989,101,0.37212,0.31375,0.5,328,103,277,811,2.47
MS,m,1980-1989,102,0.39044,0.32667,0.5,225,74,189,534,2.37
MS,m,1980-1989,103,0.40906,0.33960,0.5,152,52,126,345,2.28
MS,m,1980-1989,104,0.42796,0.35252,0.5,100,35,83,219,2.19
MS,m,1980-1989,105,0.44706,0.36539,0.5,65,24,53,137,2.11
MS,m,1980-1989,106,0.46632,0.37815,0.5,41,16,33,84,2.04
MS,m,1980-1989,107,0.48568,0.39079,0.5,26,10,21,50,1.97
MS,m,1980-1989,108,0.50509,0.40325,0.5,16,6,12,30,1.91
MS,m,1980-1989,109,0.52448,0.41552,0.5,9,4,7,17,1.87
MS,m,1980-1989,110+,0.54380,1.00000,1.84,5,5,10,10,1.84
MS,m,1990-1999,0,0.01254,0.01240,0.08,100000,1240,98858,6934176,69.34
MS,m,1990-1999,1,0.00102,0.00102,0.5,98760,101,98710,6835318,69.21
MS,m,1990-1999,2,0.00068,0.00068,0.5,98659,67,98626,6736608,68.28
MS,m,1990-1999,3,0.00053,0.00053,0.5,98592,52,98566,6637982,67.33
MS,m,1990-1999,4,0.00043,0.00043,0.5,98540,43,98519,6539416,66.36
MS,m,1990-1999,5,0.00040,0.00040,0.5,98498,39,98478,6440897,65.39
MS,m,1990-1999,6,0.00031,0.00031,0.5,98459,31,98443,6342419,64.42
MS,m,1990-1999,7,0.00029,0.00029,0.5,98428,28,98414,6243975,63.44
MS,m,1990-1999,8,0.00034,0.00034,0.5,98399,33,98383,6145562,62.46
MS,m,1990-1999,9,0.00034,0.00034,0.5,98366,33,98349,6047179,61.48
MS,m,1990-1999,10,0.00029,0.00029,0.5,98333,29,98318,5948830,60.50
MS,m,1990-1999,11,0.00033,0.00033,0.5,98304,32,98288,5850511,59.51
MS,m,1990-1999,12,0.00049,0.00049,0.5,98272,48,98248,5752223,58.53
MS,m,1990-1999,13,0.00048,0.00048,0.5,98224,47,98200,5653975,57.56
MS,m,1990-1999,14,0.00070,0.00070,0.5,98177,69,98142,5555775,56.59
MS,m,1990-1999,15,0.00100,0.00100,0.5,98108,98,98059,5457632,55.63
MS,m,1990-1999,16,0.00130,0.00130,0.5,98010,127,97946,5359573,54.68
MS,m,1990-1999,17,0.00157,0.00157,0.5,97882,153,97806,5261627,53.75
MS,m,1990-1999,18,0.00218,0.00218,0.5,97729,213,97622,5163822,52.84
MS,m,1990-1999,19,0.00207,0.00207,0.5,97516,202,97415,5066199,51.95
MS,m,1990-1999,20,0.00217,0.00217,0.5,97314,211,97208,4968785,51.06
MS,m,1990-1999,21,0.00226,0.00226,0.5,97103,220,96993,4871576,50.17
MS,m,1990-1999,22,0.00246,0.00246,0.5,96883,238,96764,4774583,49.28
MS,m,1990-1999,23,0.00217,0.00217,0.5,96645,210,96540,4677819,48.40
MS,m,1990-1999,24,0.00215,0.00214,0.5,96435,207,96332,4581279,47.51
MS,m,1990-1999,25,0.00215,0.00214,0.5,96228,206,96125,4484948,46.61
MS,m,1990-1999,26,0.00222,0.00221,0.5,96022,213,95916,4388823,45.71
MS,m,1990-1999,27,0.00242,0.00242,0.5,95809,231,95694,4292907,44.81
MS,m,1990-1999,28,0.00264,0.00264,0.5,95578,252,95452,4197213,43.91
MS,m,1990-1999,29,0.00271,0.00271,0.5,95326,258,95197,4101762,43.03
MS,m,1990-1999,30,0.00277,0.00277,0.5,95067,263,94936,4006565,42.14
MS,m,1990-1999,31,0.00279,0.00278,0.5,94804,264,94672,3911629,41.26
MS,m,1990-1999,32,0.00281,0.00280,0.5,94540,265,94408,3816957,40.37
MS,m,1990-1999,33,0.00324,0.00323,0.5,94275,305,94123,3722549,39.49
MS,m,1990-1999,34,0.00307,0.00307,0.5,93971,288,93826,3628426,38.61
MS,m,1990-1999,35,0.00305,0.00305,0.5,93682,285,93540,3534600,37.73
MS,m,1990-1999,36,0.00331,0.00330,0.5,93397,308,93243,3441060,36.84
MS,m,1990-1999,37,0.00337,0.00336,0.5,93089,313,92932,3347817,35.96
MS,m,1990-1999,38,0.00370,0.00369,0.5,92776,343,92604,3254885,35.08
MS,m,1990-1999,39,0.00383,0.00382,0.5,92433,353,92257,3162280,34.21
MS,m,1990-1999,40,0.00386,0.00385,0.5,92080,354,91903,3070024,33.34
MS,m,1990-1999,41,0.00414,0.00413,0.5,91726,379,91536,2978121,32.47
MS,m,1990-1999,42,0.00454,0.00453,0.5,91347,414,91140,2886585,31.60
MS,m,1990-1999,43,0.00483,0.00482,0.5,90933,438,90714,2795445,30.74
MS,m,1990-1999,44,0.00552,0.00550,0.5,90494,498,90245,2704731,29.89
MS,m,1990-1999,45,0.00541,0.00540,0.5,89996,486,89753,2614486,29.05
MS,m,1990-1999,46,0.00622,0.00620,0.5,89511,555,89233,2524733,28.21
MS,m,1990-1999,47,0.00621,0.00619,0.5,88955,551,88680,2435500,27.38
MS,m,1990-1999,48,0.00745,0.00742,0.5,88405,656,88076,2346820,26.55
MS,m,1990-1999,49,0.00791,0.00788,0.5,87748,692,87402,2258743,25.74
MS,m,1990-1999,50,0.00765,0.00762,0.5,87057,663,86725,2171341,24.94
MS,m,1990-1999,51,0.00863,0.00860,0.5,86393,743,86022,2084616,24.13
MS,m,1990-1999,52,0.00972,0.00967,0.5,85651,828,85237,1998594,23.33
MS,m,1990-1999,53,0.01062,0.01056,0.5,84822,896,84375,1913358,22.56
MS,m,1990-1999,54,0.01220,0.01213,0.5,83927,1018,83418,1828983,21.79
MS,m,1990-1999,55,0.01204,0.01196,0.5,82909,992,82413,1745565,21.05
MS,m,1990-1999,56,0.01388,0.01378,0.5,81917,1129,81352,1663153,20.30
MS,m,1990-1999,57,0.01468,0.01458,0.5,80788,1177,80199,1581800,19.58
MS,m,1990-1999,58,0.01744,0.01729,0.5,79610,1376,78922,1501601,18.86
MS,m,1990-1999,59,0.01741,0.01726,0.5,78234,1350,77559,1422679,18.18
MS,m,1990-1999,60,0.01916,0.01898,0.5,76884,1459,76155,1345120,17.50
MS,m,1990-1999,61,0.02041,0.02020,0.5,75425,1524,74663,1268965,16.82
MS,m,1990-1999,62,0.02278,0.02252,0.5,73901,1664,73069,1194302,16.16
MS,m,1990-1999,63,0.02469,0.02439,0.5,72237,1762,71356,1121233,15.52
MS,m,1990-1999,64,0.02550,0.02518,0.5,70475,1775,69588,1049877,14.90
MS,m,1990-1999,65,0.02830,0.02790,0.5,68701,1917,67742,980289,14.27
MS,m,1990-1999,66,0.03103,0.03056,0.5,66784,2041,65763,912547,13.66
MS,m,1990-1999,67,0.03224,0.03173,0.5,64743,2054,63716,846784,13.08
MS,m,1990-1999,68,0.03561,0.03498,0.5,62689,2193,61592,783068,12.49
MS,m,1990-1999,69,0.03962,0.03885,0.5,60495,2350,59320,721476,11.93
MS,m,1990-1999,70,0.04366,0.04272,0.5,58145,2484,56903,662156,11.39
MS,m,1990-1999,71,0.04683,0.04576,0.5,55661,2547,54388,605252,10.87
MS,m,1990-1999,72,0.05174,0.05043,0.5,53114,2679,51775,550865,10.37
MS,m,1990-1999,73,0.05223,0.05090,0.5,50435,2567,49151,499090,9.90
MS,m,1990-1999,74,0.05815,0.05651,0.5,47868,2705,46515,449939,9.40
MS,m,1990-1999,75,0.05968,0.05795,0.5,45163,2617,43854,403424,8.93
MS,m,1990-1999,76,0.06758,0.06537,0.5,42546,2781,41155,359569,8.45
MS,m,1990-1999,77,0.07258,0.07004,0.5,39765,2785,38372,318414,8.01
MS,m,1990-1999,78,0.07826,0.07532,0.5,36979,2785,35587,280042,7.57
MS,m,1990-1999,79,0.08403,0.08064,0.5,34194,2758,32815,244455,7.15
MS,m,1990-1999,80,0.09732,0.09280,0.5,31437,2917,29978,211640,6.73
MS,m,1990-1999,81,0.10230,0.09732,0.5,28519,2775,27132,181662,6.37
MS,m,1990-1999,82,0.11831,0.11170,0.5,25744,2876,24306,154530,6.00
MS,m,1990-1999,83,0.12518,0.11780,0.5,22868,2694,21521,130224,5.69
MS,m,1990-1999,84,0.13285,0.12457,0.5,20174,2513,18918,108703,5.39
MS,m,1990-1999,85,0.14556,0.13569,0.5,17661,2396,16463,89785,5.08
MS,m,1990-1999,86,0.15946,0.14769,0.5,15265,2254,14138,73322,4.80
MS,m,1990-1999,87,0.16526,0.15264,0.5,13010,1986,12017,59185,4.55
MS,m,1990-1999,88,0.19072,0.17411,0.5,11024,1919,10065,47167,4.28
MS,m,1990-1999,89,0.20091,0.18257,0.5,9105,1662,8274,37103,4.08
MS,m,1990-1999,90,0.21053,0.19048,0.5,7443,1418,6734,28829,3.87
MS,m,1990-1999,91,0.22586,0.20294,0.5,6025,1223,5414,22095,3.67
MS,m,1990-1999,92,0.24196,0.21585,0.5,4802,1037,4284,16682,3.47
MS,m,1990-1999,93,0.25882,0.22917,0.5,3766,863,3334,12398,3.29
MS,m,1990-1999,94,0.27644,0.24287,0.5,2903,705,2550,9063,3.12
MS,m,1990-1999,95,0.29477,0.25691,0.5,2198,565,1915,6513,2.96
MS,m,1990-1999,96,0.31379,0.27124,0.5,1633,443,1412,4598,2.82
MS,m,1990-1999,97,0.33346,0.28581,0.5,1190,340,1020,3186,2.68
MS,m,1990-1999,98,0.35373,0.30057,0.5,850,255,722,2166,2.55
MS,m,1990-1999,99,0.37453,0.31546,0.5,595,188,501,1444,2.43
MS,m,1990-1999,100,0.39581,0.33042,0.5,407,134,340,943,2.32
MS,m,1990-1999,101,0.41749,0.34539,0.5,273,94,225,603,2.21
MS,m,1990-1999,102,0.43950,0.36032,0.5,178,64,146,378,2.12
MS,m,1990-1999,103,0.46175,0.37514,0.5,114,43,93,232,2.03
MS,m,1990-1999,104,0.48415,0.38979,0.5,71,28,57,139,1.95
MS,m,1990-1999,105,0.50661,0.40422,0.5,44,18,35,82,1.87
MS,m,1990-1999,106,0.52905,0.41838,0.5,26,11,20,47,1.81
MS,m,1990-1999,107,0.55137,0.43221,0.5,15,7,12,26,1.74
MS,m,1990-1999,108,0.57348,0.44569,0.5,9,4,7,14,1.69
MS,m,1990-1999,109,0.59531,0.45876,0.5,5,2,4,8,1.65
MS,m,1990-1999,110+,0.61676,1.00000,1.62,3,3,4,4,1.62
MS,m,2000-2009,0,0.01196,0.01183,0.08,100000,1183,98908,7079766,70.80
MS,m,2000-2009,1,0.00091,0.00091,0.5,98817,90,98772,6980858,70.64
MS,m,2000-2009,2,0.00048,0.00048,0.5,98727,48,98703,6882086,69.71
MS,m,2000-2009,3,0.00045,0.00045,0.5,98679,44,98657,6783384,68.74
MS,m,2000-2009,4,0.00037,0.00037,0.5,98634,37,98616,6684727,67.77
MS,m,2000-2009,5,0.00031,0.00031,0.5,98598,30,98582,6586111,66.80
MS,m,2000-2009,6,0.00023,0.00023,0.5,98567,23,98556,6487529,65.82
MS,m,2000-2009,7,0.00020,0.00020,0.5,98544,19,98535,6388973,64.83
MS,m,2000-2009,8,0.00023,0.00023,0.5,98525,23,98514,6290438,63.85
MS,m,2000-2009,9,0.00028,0.00028,0.5,98503,27,98489,6191924,62.86
MS,m,2000-2009,10,0.00024,0.00024,0.5,98475,23,98464,6093435,61.88
MS,m,2000-2009,11,0.00038,0.00038,0.5,98452,38,98433,5994971,60.89
MS,m,2000-2009,12,0.00029,0.00029,0.5,98414,29,98400,5896538,59.92
MS,m,2000-2009,13,0.00036,0.00036,0.5,98386,36,98368,5798138,58.93
MS,m,2000-2009,14,0.00049,0.00049,0.5,98350,48,98326,5699770,57.95
MS,m,2000-2009,15,0.00072,0.00072,0.5,98302,71,98267,5601444,56.98
MS,m,2000-2009,16,0.00100,0.00099,0.5,98231,98,98182,5503178,56.02
MS,m,2000-2009,17,0.00140,0.00140,0.5,98134,137,98065,5404995,55.08
MS,m,2000-2009,18,0.00161,0.00161,0.5,97997,158,97918,5306930,54.15
MS,m,2000-2009,19,0.00164,0.00163,0.5,97839,160,97759,5209013,53.24
MS,m,2000-2009,20,0.00185,0.00185,0.5,97679,181,97589,5111254,52.33
MS,m,2000-2009,21,0.00188,0.00188,0.5,97498,183,97407,5013665,51.42
MS,m,2000-2009,22,0.00189,0.00188,0.5,97315,183,97224,4916258,50.52
MS,m,2000-2009,23,0.00208,0.00208,0.5,97132,202,97031,4819034,49.61
MS,m,2000-2009,24,0.00208,0.00207,0.5,96930,201,96829,4722003,48.72
MS,m,2000-2009,25,0.00222,0.00222,0.5,96729,215,96622,4625174,47.82
MS,m,2000-2009,26,0.00203,0.00202,0.5,96514,195,96416,4528552,46.92
MS,m,2000-2009,27,0.00213,0.00213,0.5,96319,205,96216,4432136,46.02
MS,m,2000-2009,28,0.00249,0.00248,0.5,96114,239,95995,4335920,45.11
MS,m,2000-2009,29,0.00241,0.00240,0.5,95875,231,95760,4239925,44.22
MS,m,2000-2009,30,0.00267,0.00267,0.5,95645,255,95517,4144165,43.33
MS,m,2000-2009,31,0.00252,0.00251,0.5,95389,240,95270,4048648,42.44
MS,m,2000-2009,32,0.00259,0.00259,0.5,95150,246,95027,3953378,41.55
MS,m,2000-2009,33,0.00234,0.00233,0.5,94903,221,94793,3858352,40.66
MS,m,2000-2009,34,0.00270,0.00270,0.5,94682,256,94554,3763559,39.75
MS,m,2000-2009,35,0.00257,0.00257,0.5,94426,242,94305,3669005,38.86
MS,m,2000-2009,36,0.00290,0.00289,0.5,94184,273,94048,3574700,37.95
MS,m,2000-2009,37,0.00304,0.00304,0.5,93912,285,93769,3480652,37.06
MS,m,2000-2009,38,0.00335,0.00335,0.5,93626,313,93470,3386883,36.17
MS,m,2000-2009,39,0.00351,0.00351,0.5,93313,327,93149,3293413,35.29
MS,m,2000-2009,40,0.00407,0.00406,0.5,92986,378,92797,3200264,34.42
MS,m,2000-2009,41,0.00405,0.00404,0.5,92608,374,92421,3107467,33.56
MS,m,2000-2009,42,0.00441,0.00440,0.5,92234,406,92031,3015046,32.69
MS,m,2000-2009,43,0.00523,0.00521,0.5,91828,479,91588,2923015,31.83
MS,m,2000-2009,44,0.00510,0.00508,0.5,91349,464,91117,2831427,31.00
MS,m,2000-2009,45,0.00543,0.00542,0.5,90885,492,90639,2740310,30.15
MS,m,2000-2009,46,0.00609,0.00607,0.5,90393,549,90118,2649671,29.31
MS,m,2000-2009,47,0.00660,0.00658,0.5,89844,591,89548,2559553,28.49
MS,m,2000-2009,48,0.00732,0.00729,0.5,89252,651,88927,2470005,27.67
MS,m,2000-2009,49,0.00759,0.00756,0.5,88602,670,88267,2381078,26.87
MS,m,2000-2009,50,0.00755,0.00752,0.5,87932,662,87601,2292811,26.07
MS,m,2000-2009,51,0.00930,0.00925,0.5,87271,808,86867,2205209,25.27
MS,m,2000-2009,52,0.00973,0.00968,0.5,86463,837,86045,2118343,24.50
MS,m,2000-2009,53,0.01026,0.01020,0.5,85626,874,85189,2032298,23.73
MS,m,2000-2009,54,0.01067,0.01061,0.5,84752,899,84303,1947109,22.97
MS,m,2000-2009,55,0.01152,0.01145,0.5,83853,960,83373,1862806,22.22
MS,m,2000-2009,56,0.01283,0.01275,0.5,82893,1057,82365,1779432,21.47
MS,m,2000-2009,57,0.01352,0.01343,0.5,81836,1099,81287,1697068,20.74
MS,m,2000-2009,58,0.01424,0.01414,0.5,80737,1142,80166,1615781,20.01
MS,m,2000-2009,59,0.01576,0.01563,0.5,79595,1244,78973,1535615,19.29
MS,m,2000-2009,60,0.01682,0.01668,0.5,78351,1307,77697,1456641,18.59
MS,m,2000-2009,61,0.01707,0.01693,0.5,77044,1304,76392,1378944,17.90
MS,m,2000-2009,62,0.01930,0.01911,0.5,75740,1447,75016,1302552,17.20
MS,m,2000-2009,63,0.02179,0.02156,0.5,74292,1602,73491,1227536,16.52
MS,m,2000-2009,64,0.02274,0.02248,0.5,72691,1634,71873,1154045,15.88
MS,m,2000-2009,65,0.02436,0.02407,0.5,71056,1710,70201,1082171,15.23
MS,m,2000-2009,66,0.02584,0.02551,0.5,69346,1769,68462,1011970,14.59
MS,m,2000-2009,67,0.02770,0.02732,0.5,67577,1846,66654,943508,13.96
MS,m,2000-2009,68,0.03076,0.03029,0.5,65731,1991,64735,876854,13.34
MS,m,2000-2009,69,0.03234,0.03183,0.5,63740,2029,62725,812119,12.74
MS,m,2000-2009,70,0.03667,0.03601,0.5,61711,2222,60600,749394,12.14
MS,m,2000-2009,71,0.03848,0.03775,0.5,59489,2246,58366,688794,11.58
MS,m,2000-2009,72,0.04165,0.04080,0.5,57243,2335,56075,630428,11.01
MS,m,2000-2009,73,0.04499,0.04400,0.5,54907,2416,53699,574353,10.46
MS,m,2000-2009,74,0.05031,0.04908,0.5,52491,2576,51203,520654,9.92
MS,m,2000-2009,75,0.05412,0.05269,0.5,49915,2630,48600,469451,9.41
MS,m,2000-2009,76,0.05769,0.05607,0.5,47285,2651,45959,420851,8.90
MS,m,2000-2009,77,0.06378,0.06181,0.5,44634,2759,43254,374892,8.40
MS,m,2000-2009,78,0.06806,0.06582,0.5,41875,2756,40497,331637,7.92
MS,m,2000-2009,79,0.07508,0.07236,0.5,39119,2831,37703,291141,7.44
MS,m,2000-2009,80,0.08426,0.08085,0.5,36288,2934,34821,253437,6.98
MS,m,2000-2009,81,0.09448,0.09022,0.5,33354,3009,31850,218616,6.55
MS,m,2000-2009,82,0.10166,0.09674,0.5,30345,2936,28877,186767,6.15
MS,m,2000-2009,83,0.11546,0.10916,0.5,27409,2992,25913,157889,5.76
MS,m,2000-2009,84,0.12882,0.12103,0.5,24417,2955,22940,131976,5.40
MS,m,2000-2009,85,0.13533,0.12675,0.5,21462,2720,20102,109036,5.08
MS,m,2000-2009,86,0.15522,0.14404,0.5,18742,2700,17392,88934,4.75
MS,m,2000-2009,87,0.16456,0.15205,0.5,16042,2439,14823,71542,4.46
MS,m,2000-2009,88,0.18188,0.16672,0.5,13603,2268,12469,56719,4.17
MS,m,2000-2009,89,0.20168,0.18321,0.5,11335,2077,10297,44250,3.90
MS,m,2000-2009,90,0.21297,0.19247,0.5,9258,1782,8367,33953,3.67
MS,m,2000-2009,91,0.23786,0.21258,0.5,7476,1589,6682,25586,3.42
MS,m,2000-2009,92,0.25844,0.22887,0.5,5887,1347,5213,18904,3.21
MS,m,2000-2009,93,0.28015,0.24573,0.5,4540,1116,3982,13690,3.02
MS,m,2000-2009,94,0.30293,0.26309,0.5,3424,901,2974,9708,2.84
MS,m,2000-2009,95,0.32673,0.28085,0.5,2523,709,2169,6734,2.67
MS,m,2000-2009,96,0.35146,0.29893,0.5,1815,542,1543,4565,2.52
MS,m,2000-2009,97,0.37701,0.31721,0.5,1272,404,1070,3022,2.38
MS,m,2000-2009,98,0.40326,0.33559,0.5,869,292,723,1952,2.25
MS,m,2000-2009,99,0.43008,0.35396,0.5,577,204,475,1229,2.13
MS,m,2000-2009,100,0.45731,0.37220,0.5,373,139,303,754,2.02
MS,m,2000-2009,101,0.48480,0.39021,0.5,234,91,188,450,1.92
MS,m,2000-2009,102,0.51239,0.40789,0.5,143,58,114,262,1.83
MS,m,2000-2009,103,0.53989,0.42513,0.5,85,36,67,148,1.75
MS,m,2000-2009,104,0.56716,0.44186,0.5,49,21,38,82,1.68
MS,m,2000-2009,105,0.59403,0.45800,0.5,27,12,21,44,1.61
MS,m,2000-2009,106,0.62034,0.47348,0.5,15,7,11,23,1.55
MS,m,2000-2009,107,0.64597,0.48827,0.5,8,4,6,12,1.50
MS,m,2000-2009,108,0.67079,0.50231,0.5,4,2,3,6,1.45
MS,m,2000-2009,109,0.69468,0.51560,0.5,2,1,1,3,1.42
MS,m,2000-2009,110+,0.71758,1.00000,1.39,1,1,1,1,1.39
MS,m,2010-2019,0,0.00987,0.00978,0.07,100000,978,99092,7184694,71.85
MS,m,2010-2019,1,0.00072,0.00072,0.5,99022,72,98986,7085603,71.56
MS,m,2010-2019,2,0.00052,0.00052,0.5,98950,51,98924,6986617,70.61
MS,m,2010-2019,3,0.00035,0.00035,0.5,98899,35,98881,6887693,69.64
MS,m,2010-2019,4,0.00028,0.00028,0.5,98864,27,98850,6788811,68.67
MS,m,2010-2019,5,0.00021,0.00021,0.5,98837,21,98826,6689961,67.69
MS,m,2010-2019,6,0.00017,0.00017,0.5,98816,16,98808,6591135,66.70
MS,m,2010-2019,7,0.00020,0.00020,0.5,98799,20,98790,6492327,65.71
MS,m,2010-2019,8,0.00022,0.00022,0.5,98780,21,98769,6393538,64.73
MS,m,2010-2019,9,0.00020,0.00020,0.5,98759,20,98749,6294768,63.74
MS,m,2010-2019,10,0.00020,0.00020,0.5,98739,20,98729,6196020,62.75
MS,m,2010-2019,11,0.00024,0.00024,0.5,98719,23,98707,6097291,61.76
MS,m,2010-2019,12,0.00027,0.00027,0.5,98695,26,98682,5998584,60.78
MS,m,2010-2019,13,0.00034,0.00034,0.5,98669,34,98652,5899902,59.79
MS,m,2010-2019,14,0.00037,0.00037,0.5,98635,37,98617,5801250,58.82
MS,m,2010-2019,15,0.00048,0.00048,0.5,98599,47,98575,5702633,57.84
MS,m,2010-2019,16,0.00082,0.00081,0.5,98551,80,98511,5604058,56.86
MS,m,2010-2019,17,0.00098,0.00098,0.5,98471,97,98423,5505546,55.91
MS,m,2010-2019,18,0.00127,0.00127,0.5,98375,125,98312,5407124,54.96
MS,m,2010-2019,19,0.00141,0.00141,0.5,98250,138,98181,5308811,54.03
MS,m,2010-2019,20,0.00141,0.00141,0.5,98112,138,98043,5210631,53.11
MS,m,2010-2019,21,0.00182,0.00181,0.5,97974,178,97885,5112588,52.18
MS,m,2010-2019,22,0.00178,0.00178,0.5,97796,174,97709,5014703,51.28
MS,m,2010-2019,23,0.00176,0.00176,0.5,97622,172,97536,4916994,50.37
MS,m,2010-2019,24,0.00190,0.00190,0.5,97450,185,97357,4819458,49.46
MS,m,2010-2019,25,0.00214,0.00213,0.5,97265,208,97161,4722101,48.55
MS,m,2010-2019,26,0.00199,0.00199,0.5,97057,193,96961,4624940,47.65
MS,m,2010-2019,27,0.00210,0.00210,0.5,96864,203,96763,4527979,46.75
MS,m,2010-2019,28,0.00212,0.00211,0.5,96661,204,96559,4431217,45.84
MS,m,2010-2019,29,0.00244,0.00244,0.5,96457,235,96339,4334658,44.94
MS,m,2010-2019,30,0.00232,0.00232,0.5,96221,223,96110,4238319,44.05
MS,m,2010-2019,31,0.00245,0.00245,0.5,95998,235,95881,4142209,43.15
MS,m,2010-2019,32,0.00270,0.00269,0.5,95764,258,95635,4046328,42.25
MS,m,2010-2019,33,0.00260,0.00259,0.5,95506,248,95382,3950693,41.37
MS,m,2010-2019,34,0.00263,0.00262,0.5,95258,250,95133,3855311,40.47
MS,m,2010-2019,35,0.00282,0.00281,0.5,95008,267,94874,3760178,39.58
MS,m,2010-2019,36,0.00321,0.00320,0.5,94741,304,94589,3665304,38.69
MS,m,2010-2019,37,0.00318,0.00318,0.5,94437,300,94287,3570715,37.81
MS,m,2010-2019,38,0.00321,0.00320,0.5,94137,302,93986,3476428,36.93
MS,m,2010-2019,39,0.00361,0.00360,0.5,93836,338,93666,3382441,36.05
MS,m,2010-2019,40,0.00375,0.00375,0.5,93497,350,93322,3288775,35.18
MS,m,2010-2019,41,0.00382,0.00381,0.5,93147,355,92970,3195453,34.31
MS,m,2010-2019,42,0.00404,0.00403,0.5,92792,374,92605,3102483,33.43
MS,m,2010-2019,43,0.00446,0.00445,0.5,92419,411,92213,3009877,32.57
MS,m,2010-2019,44,0.00453,0.00452,0.5,92008,416,91800,2917664,31.71
MS,m,2010-2019,45,0.00508,0.00507,0.5,91591,464,91359,2825865,30.85
MS,m,2010-2019,46,0.00579,0.00578,0.5,91127,526,90864,2734505,30.01
MS,m,2010-2019,47,0.00625,0.00623,0.5,90601,564,90319,2643641,29.18
MS,m,2010-2019,48,0.00666,0.00664,0.5,90037,598,89738,2553323,28.36
MS,m,2010-2019,49,0.00681,0.00679,0.5,89439,607,89135,2463585,27.54
MS,m,2010-2019,50,0.00824,0.00821,0.5,88832,729,88467,2374449,26.73
MS,m,2010-2019,51,0.00857,0.00853,0.5,88103,752,87727,2285982,25.95
MS,m,2010-2019,52,0.00945,0.00941,0.5,87351,822,86940,2198255,25.17
MS,m,2010-2019,53,0.01008,0.01003,0.5,86530,868,86096,2111315,24.40
MS,m,2010-2019,54,0.01071,0.01065,0.5,85662,912,85205,2025219,23.64
MS,m,2010-2019,55,0.01181,0.01174,0.5,84749,995,84252,1940014,22.89
MS,m,2010-2019,56,0.01337,0.01329,0.5,83754,1113,83198,1855762,22.16
MS,m,2010-2019,57,0.01428,0.01418,0.5,82641,1172,82055,1772565,21.45
MS,m,2010-2019,58,0.01540,0.01529,0.5,81470,1245,80847,1690509,20.75
MS,m,2010-2019,59,0.01604,0.01592,0.5,80224,1277,79586,1609662,20.06
MS,m,2010-2019,60,0.01699,0.01685,0.5,78947,1330,78282,1530077,19.38
MS,m,2010-2019,61,0.01857,0.01840,0.5,77617,1428,76903,1451794,18.70
MS,m,2010-2019,62,0.01968,0.01949,0.5,76189,1485,75447,1374891,18.05
MS,m,2010-2019,63,0.02073,0.02052,0.5,74705,1533,73938,1299444,17.39
MS,m,2010-2019,64,0.02138,0.02115,0.5,73172,1548,72398,1225506,16.75
MS,m,2010-2019,65,0.02300,0.02274,0.5,71624,1629,70810,1153108,16.10
MS,m,2010-2019,66,0.02438,0.02409,0.5,69995,1686,69152,1082299,15.46
MS,m,2010-2019,67,0.02604,0.02570,0.5,68309,1756,67431,1013147,14.83
MS,m,2010-2019,68,0.02774,0.02736,0.5,66553,1821,65643,945716,14.21
MS,m,2010-2019,69,0.03061,0.03015,0.5,64732,1952,63757,880073,13.60
MS,m,2010-2019,70,0.03218,0.03167,0.5,62781,1989,61786,816316,13.00
MS,m,2010-2019,71,0.03414,0.03357,0.5,60792,2041,59772,754530,12.41
MS,m,2010-2019,72,0.03740,0.03672,0.5,58752,2157,57673,694758,11.83
MS,m,2010-2019,73,0.04111,0.04028,0.5,56595,2280,55455,637085,11.26
MS,m,2010-2019,74,0.04286,0.04196,0.5,54315,2279,53175,581630,10.71
MS,m,2010-2019,75,0.05040,0.04916,0.5,52036,2558,50757,528455,10.16
MS,m,2010-2019,76,0.05391,0.05249,0.5,49477,2597,48179,477698,9.65
MS,m,2010-2019,77,0.05597,0.05445,0.5,46880,2552,45604,429520,9.16
MS,m,2010-2019,78,0.06188,0.06002,0.5,44328,2661,42998,383915,8.66
MS,m,2010-2019,79,0.06678,0.06462,0.5,41667,2693,40321,340918,8.18
MS,m,2010-2019,80,0.07230,0.06977,0.5,38975,2719,37615,300597,7.71
MS,m,2010-2019,81,0.07853,0.07556,0.5,36255,2740,34886,262982,7.25
MS,m,2010-2019,82,0.08909,0.08529,0.5,33516,2859,32087,228096,6.81
MS,m,2010-2019,83,0.09611,0.09170,0.5,30657,2811,29251,196009,6.39
MS,m,2010-2019,84,0.10644,0.10106,0.5,27846,2814,26439,166758,5.99
MS,m,2010-2019,85,0.11632,0.10993,0.5,25032,2752,23656,140319,5.61
MS,m,2010-2019,86,0.12728,0.11967,0.5,22280,2666,20947,116663,5.24
MS,m,2010-2019,87,0.14379,0.13414,0.5,19614,2631,18298,95717,4.88
MS,m,2010-2019,88,0.15555,0.14432,0.5,16983,2451,15757,77418,4.56
MS,m,2010-2019,89,0.17606,0.16182,0.5,14532,2351,13356,61661,4.24
MS,m,2010-2019,90,0.19337,0.17632,0.5,12180,2148,11106,48305,3.97
MS,m,2010-2019,91,0.21195,0.19164,0.5,10033,1923,9071,37199,3.71
MS,m,2010-2019,92,0.23179,0.20772,0.5,8110,1685,7268,28128,3.47
MS,m,2010-2019,93,0.25290,0.22451,0.5,6425,1443,5704,20860,3.25
MS,m,2010-2019,94,0.27524,0.24194,0.5,4983,1206,4380,15156,3.04
MS,m,2010-2019,95,0.29876,0.25993,0.5,3777,982,3286,10776,2.85
MS,m,2010-2019,96,0.32340,0.27839,0.5,2795,778,2406,7489,2.68
MS,m,2010-2019,97,0.34906,0.29719,0.5,2017,599,1717,5083,2.52
MS,m,2010-2019,98,0.37563,0.31623,0.5,1418,448,1194,3366,2.37
MS,m,2010-2019,99,0.40296,0.33539,0.5,969,325,807,2172,2.24
MS,m,2010-2019,100,0.43091,0.35453,0.5,644,228,530,1365,2.12
MS,m,2010-2019,101,0.45931,0.37353,0.5,416,155,338,835,2.01
MS,m,2010-2019,102,0.48797,0.39227,0.5,261,102,209,497,1.91
MS,m,2010-2019,103,0.51672,0.41063,0.5,158,65,126,288,1.82
MS,m,2010-2019,104,0.54535,0.42851,0.5,93,40,73,162,1.73
MS,m,2010-2019,105,0.57369,0.44581,0.5,53,24,41,89,1.66
MS,m,2010-2019,106,0.60155,0.46246,0.5,30,14,23,47,1.59
MS,m,2010-2019,107,0.62877,0.47838,0.5,16,8,12,24,1.54
MS,m,2010-2019,108,0.65519,0.49352,0.5,8,4,6,12,1.48
MS,m,2010-2019,109,0.68069,0.50785,0.5,4,2,3,6,1.44
MS,m,2010-2019,110+,0.70516,1.00000,1.42,2,2,3,3,1.42
